<svg xmlns="http://www.w3.org/2000/svg" viewBox="0 0 960 600" preserveAspectRatio="xMidYMid meet">
  <defs>
    <linearGradient id="usaGradient" x1="0%" y1="0%" x2="100%" y2="0%">
      <stop offset="0%" stop-color="#3b82f6"/>
      <stop offset="50%" stop-color="#8b5cf6"/>
      <stop offset="100%" stop-color="#ef4444"/>
    </linearGradient>
  </defs>
  <!-- Simplified Continental US silhouette -->
  <path fill="url(#usaGradient)" d="
    M 119 145
    C 115 155, 108 175, 102 195
    C 96 215, 88 245, 80 275
    C 72 305, 64 345, 58 385
    C 52 425, 48 465, 48 495
    C 48 515, 52 525, 62 530
    L 95 535 L 145 538 L 210 540 L 290 540 L 380 535 L 480 525 L 580 510 L 670 490 L 745 468 L 800 448
    C 820 440, 835 438, 845 442
    C 855 446, 862 458, 868 478
    C 874 498, 882 525, 892 555
    C 896 565, 900 572, 905 575
    C 910 578, 915 576, 918 570
    C 921 564, 920 552, 915 535
    C 910 518, 900 495, 888 470
    C 876 445, 862 420, 850 400
    C 838 380, 828 368, 825 365
    C 822 362, 822 365, 828 375
    C 834 385, 848 405, 865 432
    C 875 448, 882 462, 885 472
    C 888 482, 886 488, 880 488
    C 874 488, 862 480, 845 465
    C 828 450, 808 428, 790 405
    C 772 382, 758 360, 752 348
    C 746 336, 748 332, 758 338
    C 768 344, 788 362, 812 388
    C 826 402, 838 415, 848 425
    C 858 435, 865 442, 870 445
    C 875 448, 878 448, 880 445
    C 882 442, 882 435, 878 425
    C 874 415, 866 400, 855 382
    C 844 364, 830 342, 818 325
    C 806 308, 798 298, 798 298
    L 802 295 L 815 292 L 835 290 L 858 290 L 880 295 L 898 305 L 912 322 L 920 345 L 922 372 L 918 398 L 908 420 L 892 438 L 872 450 L 850 458 L 828 460 L 808 458 L 792 452
    C 775 445, 760 432, 752 420
    C 744 408, 745 400, 755 400
    C 765 400, 785 410, 810 428
    C 825 440, 838 452, 848 462
    C 858 472, 862 480, 858 485
    C 854 490, 842 492, 825 490
    C 808 488, 785 480, 762 468
    C 739 456, 718 440, 705 428
    C 692 416, 688 410, 695 412
    C 702 414, 722 428, 752 452
    C 772 468, 792 485, 808 498
    C 824 511, 835 522, 840 528
    C 845 534, 842 538, 830 538
    C 818 538, 795 532, 762 520
    C 729 508, 688 490, 645 470
    C 602 450, 558 428, 520 410
    C 482 392, 452 380, 438 378
    C 424 376, 428 385, 448 405
    C 468 425, 505 458, 548 495
    C 571 516, 590 535, 602 548
    C 614 561, 618 568, 612 568
    C 606 568, 590 560, 565 545
    C 540 530, 505 508, 468 485
    C 431 462, 395 440, 368 425
    C 341 410, 325 405, 325 412
    C 325 419, 342 442, 375 478
    C 398 502, 420 528, 435 548
    C 450 568, 455 582, 448 585
    C 441 588, 422 580, 395 562
    C 368 544, 332 515, 298 485
    C 264 455, 232 425, 210 402
    C 188 379, 178 368, 182 372
    C 186 376, 205 398, 238 435
    C 261 460, 282 488, 298 510
    C 314 532, 322 548, 318 555
    C 314 562, 298 558, 272 542
    C 246 526, 210 498, 178 468
    C 146 438, 120 408, 108 388
    C 96 368, 98 362, 115 372
    C 132 382, 168 412, 215 455
    C 242 480, 268 508, 288 530
    C 308 552, 318 568, 315 575
    C 312 582, 295 578, 268 562
    C 241 546, 202 518, 168 488
    C 134 458, 108 428, 98 410
    C 88 392, 95 392, 120 410
    C 145 428, 192 470, 248 522
    L 248 535 L 220 538 L 175 540 L 120 538 L 78 532 L 55 522 L 48 508
    C 45 490, 50 460, 60 420
    C 70 380, 85 330, 100 285
    C 115 240, 130 200, 140 175
    C 150 150, 152 145, 145 155
    C 138 165, 122 195, 105 238
    C 95 262, 88 285, 85 302
    C 82 319, 85 328, 95 325
    C 105 322, 125 305, 152 278
    C 169 260, 185 242, 198 228
    C 211 214, 218 208, 218 212
    C 218 216, 210 232, 195 258
    C 180 284, 158 322, 142 360
    C 132 384, 128 402, 132 410
    C 136 418, 150 415, 172 400
    C 194 385, 228 358, 265 328
    C 292 306, 318 285, 340 270
    C 362 255, 378 248, 385 252
    C 392 256, 388 272, 372 298
    C 356 324, 325 365, 292 408
    C 269 438, 252 462, 245 478
    C 238 494, 242 500, 258 495
    C 274 490, 305 472, 345 445
    C 375 425, 405 402, 430 382
    C 455 362, 472 350, 478 352
    C 484 354, 478 370, 458 398
    C 438 426, 402 470, 362 518
    C 336 548, 318 572, 312 585
    L 295 590 L 260 592 L 210 590 L 150 582 L 95 568 L 55 548 L 35 522 L 32 490
    C 32 450, 42 398, 58 345
    C 74 292, 98 235, 119 195
    C 130 172, 138 158, 142 155
    C 146 152, 142 162, 130 185
    C 118 208, 98 248, 82 298
    C 72 330, 68 358, 72 375
    C 76 392, 92 395, 120 382
    C 138 374, 158 360, 175 345
    C 192 330, 202 320, 202 322
    C 202 324, 192 340, 172 368
    C 152 396, 122 438, 98 482
    C 84 508, 78 528, 82 538
    C 86 548, 102 548, 130 535
    C 148 527, 168 515, 185 502
    C 202 489, 212 480, 212 482
    C 212 484, 202 498, 182 522
    C 162 546, 132 582, 108 615
    L 119 145
    Z
  "/>
</svg>
